100
2.92328 4.73539 6.23227 4.42294 0.31729 6.57566 2.25457 0.12666 5.49734 8.33422 8.41399 7.90740 8.84405 8.40597 8.10660 3.73988 6.36876 4.14800 7.44834 7.11232 3.05280 7.36794 0.70570 7.41742 1.15585 3.47125 6.91978 0.30126 2.82350 6.66023 1.09705 8.68524 3.41127 6.32894 0.83581 0.63939 6.83943 8.92601 6.37820 0.26310 1.87534 6.56315 2.06725 1.82996 5.56038 2.37759 5.80159 3.20263 8.79480 0.58215 2.43994 4.68742 1.79700 5.41371 2.84260 7.14126 6.07207 4.91009 6.87293 5.04861 8.94134 0.40733 8.59251 4.91799 6.96345 3.89284 5.95226 5.68141 1.36550 3.91783 6.76682 6.02623 8.21440 6.09177 4.48229 4.35428 0.99961 7.90356 1.68328 2.88594 4.39921 8.44760 4.54625 7.26921 5.08876 4.55995 4.13842 2.50503 2.88769 5.64721 7.31571 5.59290 0.08711 5.31973 2.87799 0.70356 2.91120 7.45051 1.59650 4.93251 
4.73539 7.80274 5.08867 7.25798 3.56531 3.03306 3.59905 2.61257 4.67519 8.48464 8.37163 8.81314 7.99473 6.22678 1.46297 0.98370 4.65837 7.64333 2.39354 3.81581 6.68850 8.36005 4.03152 2.62334 5.37943 2.38871 2.24061 2.14103 5.54083 1.64839 8.78068 2.74207 6.46718 3.86085 6.13494 1.88996 5.11612 7.07367 3.56258 1.41743 7.39541 1.58138 8.57401 5.86501 3.71757 4.24646 4.11524 2.95531 6.88219 7.50334 2.53908 4.16188 1.17785 3.51019 7.45476 5.24240 3.25128 1.52022 2.60151 4.86623 4.61104 1.12210 8.91420 8.21317 4.96127 3.22506 6.52523 1.51611 5.18545 0.96483 5.29160 8.40983 5.37863 6.38639 8.89791 7.05687 4.56897 7.21370 2.57769 6.19507 3.43376 5.75423 8.63527 5.03206 8.58951 8.82049 3.49599 1.25307 4.68270 3.31967 0.60427 6.39458 7.78531 1.77013 7.74434 8.77595 5.72197 8.28092 3.36523 5.45578
6.23227 5.08867 5.45515 5.92002 0.34330 6.31693 7.77135 4.88984 4.81785 5.11177 4.51320 5.95907 4.91164 0.16945 8.50463 7.35233 3.09940 1.10957 0.72902 3.92103 3.62499 0.19389 6.55346 5.18796 3.52829 7.08567 1.90590 7.68684 8.56306 1.87918 5.31621 7.18633 1.93665 3.42377 2.93839 7.98928 6.12018 2.61586 6.41610 1.77419 8.11098 7.60631 7.85142 8.31210 1.97866 4.67984 1.67847 1.12553 5.16169 2.04687 1.11951 3.01986 1.78177 1.73186 7.36718 4.46816 8.76469 4.91414 3.15037 3.00374 4.17807 7.15051 1.41802 4.09552 2.37859 3.10058 6.10423 5.80948 2.40447 6.87326 0.58596 8.67882 0.65279 1.85216 5.87086 7.88355 8.66003 4.60759 3.91857 5.71015 2.82931 1.52061 5.93876 0.83123 3.90642 5.38461 2.01498 5.90938 7.17232 3.98899 3.25084 3.47178 5.65845 6.02437 7.49820 6.43611 0.85544 1.00188 3.55544 6.79195
4.42294 7.25798 5.92002 2.08130 5.62970 3.21588 1.80743 2.77706 6.19055 3.48163 0.42247 4.13051 3.38192 4.76973 1.27060 3.04345 7.57913 8.78186 7.01686 6.95972 4.61475 8.63038 7.04610 6.29294 1.67032 8.17592 5.33746 8.40271 6.16899 4.65361 4.13438 3.24566 4.34965 3.49688 1.54676 0.90025 8.79427 8.19351 4.85161 7.71396 8.19534 4.16836 5.24404 8.96475 5.89054 7.42773 2.34428 7.30868 0.23751 8.73584 5.27552 0.22545 3.80610 4.32414 3.97650 4.02609 0.10688 8.68419 2.71396 7.15637 0.61335 4.11951 2.87160 5.83735 1.21721 2.62484 2.24469 2.48640 1.64667 4.42712 7.91268 1.27507 5.95894 2.20594 0.59091 7.78824 1.48888 2.17817 0.52632 2.30019 1.21171 1.78659 2.13101 8.19883 1.25891 5.25098 8.64762 7.43121 2.79843 0.80323 5.09562 4.50178 3.81774 5.18437 2.23724 8.22679 2.98428 2.85491 2.81045 1.89611
0.31729 3.56531 0.34330 5.62970 6.65152 6.66195 5.85127 6.84876 8.75205 2.47608 8.48604 8.40713 8.39937 0.92672 7.63851 6.25042 4.70719 7.69841 3.38035 0.46019 3.01491 8.88516 4.93552 7.13209 6.70305 5.44163 0.01070 3.17483 7.27491 7.16253 0.69776 6.16182 6.68968 7.56083 8.39340 4.12676 8.95769 2.80555 0.01648 6.16436 2.35959 2.77946 8.98419 2.86375 5.71913 7.44555 0.53591 6.56848 8.60677 3.47309 7.55496 1.69063 0.71872 2.07744 2.62839 1.03840 8.33530 6.96732 1.10694 2.20354 1.39588 1.44174 7.50464 3.96108 5.13568 4.36399 8.55286 3.18391 0.93741 0.72621 6.91264 4.20269 5.86235 2.50878 7.94421 8.02669 2.40015 6.16644 0.37159 3.85281 3.44048 5.53780 2.67908 5.35899 2.78172 1.13010 8.22685 4.00258 4.05220 4.32292 0.28547 3.05346 1.35726 6.81619 4.29732 0.24662 8.87180 5.86050 2.95648 7.86568
6.57566 3.03306 6.31693 3.21588 6.66195 4.31033 1.42973 0.30293 5.22480 0.70993 5.40802 8.36157 5.82872 1.01879 6.70222 5.49822 0.38922 2.19362 2.88902 2.71130 6.59864 5.96304 3.14525 2.60326 2.06631 6.77506 7.72028 4.38431 5.64486 2.03731 8.39077 0.52628 4.25131 7.84384 6.37232 6.65997 2.91895 6.60779 4.97667 8.44898 4.08201 3.91742 8.53060 8.07535 6.02914 1.38535 0.80658 4.45522 7.42487 3.75661 3.53681 7.13200 2.42651 5.00393 3.75609 3.09044 8.12210 4.10640 5.68145 5.88133 4.99205 4.86274 8.21352 7.69387 5.67849 4.70864 5.43747 1.12492 1.20835 2.53146 0.23250 4.30649 3.61221 1.82721 4.44135 5.55305 3.01736 1.43133 5.24974 4.88989 8.03177 0.77626 4.09143 8.25597 5.50908 7.77393 7.33526 7.33971 0.43620 5.93021 0.95684 1.91856 5.20811 0.98374 1.12883 5.01470 0.29045 7.96999 8.79394 7.71995
2.25457 3.59905 7.77135 1.80743 5.85127 1.42973 5.53631 3.56758 8.96974 6.47566 1.15928 0.17669 8.87556 6.42991 8.33519 1.07960 3.60287 6.76188 5.63863 0.34424 4.83825 6.86249 1.83233 1.19104 0.13700 8.90112 6.66425 5.66993 7.07908 8.16459 8.96731 6.61613 7.02485 3.72306 3.91378 5.29921 6.75771 8.42470 3.55775 7.25368 3.14325 0.87094 5.43020 5.85084 8.68657 2.90607 6.00299 1.30113 2.88175 4.18513 1.51427 3.04568 5.61348 1.32425 6.25909 5.57773 2.08341 0.46716 5.08554 3.30133 7.34803 2.09122 3.21052 0.77784 8.70575 1.65984 2.81835 2.43572 3.46085 4.11420 6.53693 0.52660 2.15899 4.14754 3.49065 1.02821 0.14249 4.43797 2.42759 2.55524 5.21940 6.18739 4.22276 5.08688 2.06924 7.10002 8.82324 4.50762 4.27930 3.17421 2.59960 0.35808 2.98094 8.93806 5.77702 7.99263 2.29330 2.64219 7.39964 2.65968
0.12666 2.61257 4.88984 2.77706 6.84876 0.30293 3.56758 2.39696 1.33962 6.51991 8.41437 3.14225 7.13620 2.46054 0.92387 2.86048 0.35570 3.61839 7.67064 8.52398 3.64050 0.30079 1.90342 3.06205 7.72651 4.38165 2.60355 8.85060 3.21680 8.06431 2.82619 0.23624 6.63166 7.20679 6.44816 6.88157 5.86882 5.91686 3.18832 2.53849 5.07145 2.99983 8.41815 2.25965 7.50848 3.35337 8.57636 7.33819 4.68588 1.26562 0.16507 2.57996 8.64402 0.86263 6.68884 0.21874 4.50205 2.43766 4.90535 3.72701 1.62071 2.11394 8.97214 1.32770 4.54568 2.14052 8.31585 5.69532 1.83814 5.22676 1.30031 6.00245 0.01485 1.06897 1.32344 5.27672 3.44914 3.14674 1.00331 3.40142 5.33904 0.96796 6.83833 4.76338 3.29161 4.72818 8.15575 8.16864 3.79706 5.73981 8.77294 7.44024 3.69375 5.98789 8.81700 3.48153 0.75124 1.34016 7.77118 5.78768
5.49734 4.67519 4.81785 6.19055 8.75205 5.22480 8.96974 1.33962 7.15003 2.18301 2.88506 2.96035 6.69312 2.31189 5.60224 2.22663 3.31262 8.97345 1.76863 3.38088 5.50012 1.59387 7.13096 0.33649 3.12046 8.11114 8.96034 6.64363 6.53561 6.82891 0.78044 8.78616 7.17358 8.58368 7.55430 6.36111 4.58151 7.04072 2.92874 1.28577 3.51879 7.62794 8.28289 6.89305 8.52407 1.96571 4.97328 3.20257 7.84488 0.76893 3.21626 6.36247 8.71292 7.23668 0.64377 6.32084 2.81617 1.38514 5.88999 1.08783 5.83785 3.26860 8.72916 6.40637 7.89870 8.54149 0.69045 0.19808 7.08291 0.20501 1.84008 4.58981 6.12108 5.52467 7.04547 6.48833 3.53929 7.25052 4.43578 7.45531 8.59851 1.48935 8.67664 4.71911 3.15044 6.23223 0.69152 4.58539 8.98540 1.52908 7.89743 3.82474 2.78235 2.36126 2.51129 6.20568 8.57726 0.76721 0.58150 1.55505
8.33422 8.48464 5.11177 3.48163 2.47608 0.70993 6.47566 6.51991 2.18301 6.28941 7.12606 5.09821 7.13144 7.33661 2.09978 8.27369 7.26607 6.44883 0.52441 7.83129 2.10355 3.74150 0.29484 4.83428 3.03656 5.25018 6.30303 6.29111 7.88731 2.27513 7.74098 3.80032 7.71516 3.23256 3.43972 8.49157 5.55162 0.21681 7.47757 4.39112 8.80228 7.98609 8.68019 1.87537 7.93118 3.78566 6.00272 7.24585 1.97998 7.40112 1.52130 3.42399 0.49470 5.00586 5.04198 2.91289 5.62460 2.50832 3.68673 5.56691 2.18643 6.13846 8.14717 6.51873 3.72287 1.44569 2.57307 8.78529 4.64624 2.05311 2.14036 4.58880 3.73200 3.88106 4.78731 0.57578 2.78966 1.39951 3.20028 5.44166 5.85403 0.16980 4.99731 4.02151 1.56940 1.04293 6.49307 0.32253 6.63060 3.19295 2.20912 4.62290 5.11870 6.13574 0.79462 7.20053 8.54006 5.89741 2.12160 1.31760
8.41399 8.37163 4.51320 0.42247 8.48604 5.40802 1.15928 8.41437 2.88506 7.12606 6.56268 0.54969 0.44832 7.06008 2.55047 6.56020 0.76287 2.00247 2.54665 4.76113 1.31182 3.24965 2.36320 0.84583 4.49796 5.70129 3.32836 8.54235 0.31547 5.22401 4.81020 4.20872 3.02846 7.39178 7.41460 3.81449 8.57444 4.98207 7.79440 0.72976 3.65871 8.21263 2.14527 5.28316 4.25563 8.51357 6.98635 0.62969 4.68956 5.18767 4.74252 4.78230 8.22445 1.29031 3.78011 6.10370 0.50539 2.79884 8.72370 6.39188 2.93207 4.41677 5.09327 1.51383 6.19278 7.49934 0.73159 8.00073 3.46260 6.09433 6.10448 6.88420 2.77137 8.05498 6.02025 4.20442 2.16633 3.51360 7.77910 0.33872 1.19341 5.55040 8.37024 3.74580 0.81185 6.24879 0.59688 6.35356 8.63363 8.14719 1.53158 3.80786 3.15221 0.93249 1.51681 7.46763 1.31111 7.78287 4.73038 2.79344
7.90740 8.81314 5.95907 4.13051 8.40713 8.36157 0.17669 3.14225 2.96035 5.09821 0.54969 6.56267 8.53495 3.04335 3.90812 2.11251 5.09397 1.50741 5.35813 5.27890 2.76738 5.76633 8.27984 8.06755 3.23003 3.05590 1.59855 0.63587 2.04842 3.26262 8.94031 2.50181 7.47347 7.64972 6.14873 8.39225 8.28807 5.57506 8.52101 2.05764 1.78381 6.89870 0.57439 6.64130 8.36132 0.06509 2.59805 3.52813 3.24714 3.10441 0.27522 6.46615 8.29653 8.41495 3.79721 2.46604 3.24514 4.31216 8.20827 6.42068 2.33952 2.37699 6.55257 8.48508 5.88584 2.32424 8.79757 5.81659 2.56169 3.84257 0.57859 7.86414 1.51226 1.98918 8.63201 7.98576 0.11186 5.54069 4.96835 2.77192 4.34686 6.17547 7.29866 7.24446 7.07293 7.11505 3.10121 1.76815 3.30832 2.49559 6.87724 7.45383 0.49230 0.40145 4.70227 6.68983 4.58250 4.22922 3.70429 4.17285
8.84405 7.99473 4.91164 3.38192 8.39937 5.82872 8.87556 7.13620 6.69312 7.13144 0.44832 8.53495 6.81502 7.51125 4.15470 5.61622 4.80901 4.89794 5.63385 8.59452 1.79746 7.85865 6.40163 4.75806 8.52223 0.48982 1.58904 0.10710 4.84059 3.62250 5.84786 7.48957 8.32936 1.98183 3.26427 2.17917 2.36464 7.31645 7.79361 0.51895 0.71248 3.15022 2.08420 2.34322 2.01011 8.36142 5.88973 0.25511 1.66596 3.44679 3.27811 5.46363 6.06844 7.99968 1.32943 1.49868 5.65994 4.75504 3.84310 1.02255 8.18060 6.97979 8.20623 0.38057 6.81089 0.67003 1.70547 7.64023 0.54555 2.27274 7.77630 5.09977 2.83789 7.90340 2.18517 6.41788 3.80068 1.94371 4.80529 2.87078 7.35728 6.48150 2.41702 2.90746 4.59607 2.71010 6.94467 0.51945 6.39036 1.71814 4.00053 7.81034 4.94667 8.79596 3.14552 1.91624 2.31930 5.28167 8.63918 4.99245
8.40597 6.22678 0.16945 4.76973 0.92672 1.01879 6.42991 2.46054 2.31189 7.33661 7.06008 3.04335 7.51125 6.29811 6.76367 1.92658 4.51173 4.69428 8.97357 6.95440 5.89763 4.74458 3.80790 4.47672 4.13869 8.38827 0.31412 2.07115 7.82290 7.84368 2.92133 3.93150 1.09390 0.52577 0.27646 5.17880 6.88253 4.10637 4.44371 1.00884 2.03853 3.19357 7.16912 1.77121 3.11536 5.58219 1.60011 8.44413 4.97249 2.74854 0.14794 0.33849 4.84801 0.82338 4.26009 2.04460 4.73102 2.67435 4.84943 3.39745 7.45938 8.57045 6.34052 5.64860 6.96632 5.45687 3.87168 0.33373 6.90480 6.59773 1.70358 1.31474 3.15692 2.68285 5.25052 4.77714 5.19918 7.35937 7.16519 4.46447 4.84189 0.79852 7.04343 8.96152 4.42138 4.97546 4.39579 7.88908 1.37594 7.69089 0.89596 4.20716 2.98979 1.53960 3.25299 6.89935 6.95558 3.45546 4.46363 8.70702
8.10660 1.46297 8.50463 1.27060 7.63851 6.70222 8.33519 0.92387 5.60224 2.09978 2.55047 3.90812 4.15470 6.76367 3.91799 0.87827 4.77302 4.29533 6.96835 0.29592 4.05196 0.29315 5.68858 7.90330 8.34610 2.07035 8.28614 6.36150 5.90408 8.35448 1.89278 7.33154 3.62625 3.92972 1.33717 6.18241 2.17315 4.80392 0.36970 1.49252 3.19616 6.15610 1.16999 1.98863 2.44294 5.61150 7.76238 7.57963 3.39917 2.91886 2.25533 8.19555 6.28279 1.63004 0.19786 3.28554 7.55038 6.24445 0.77644 0.28179 4.57451 3.29728 1.75976 2.48714 2.13226 3.57983 3.46483 4.38621 3.29642 5.63398 6.01462 0.50978 6.24010 6.59895 6.57885 4.59093 6.20627 5.36231 0.44847 1.92714 5.25590 1.47003 3.35714 6.71534 8.69346 0.72608 0.93273 7.98802 4.22916 1.06599 5.30570 8.72953 0.77642 2.83032 6.15642 0.30199 1.20622 7.06418 8.36128 0.40058
3.73988 0.98370 7.35233 3.04345 6.25042 5.49822 1.07960 2.86048 2.22663 8.27369 6.56020 2.11251 5.61622 1.92658 0.87827 5.18301 7.99638 3.28631 5.65445 4.62912 1.05686 5.80295 5.25935 3.99292 4.01366 4.32016 2.55239 0.81643 3.28318 7.62546 6.72973 4.63417 1.75929 3.99236 6.08793 1.19150 2.62405 7.61128 7.75782 5.58152 0.02350 0.61150 1.46461 6.86948 6.88338 6.71233 0.78222 6.66853 1.80606 3.50252 6.81797 0.81714 2.63088 5.72625 4.18263 0.71900 1.90468 4.59908 3.82117 0.74752 4.56209 0.84349 1.59054 0.70766 1.89317 1.44155 2.54328 2.74175 1.28823 7.23895 4.24232 2.30266 5.01905 4.55752 8.45509 5.68031 0.95240 6.99646 6.82220 0.21720 2.52607 7.10480 7.77492 1.22093 3.58022 0.95172 8.25588 6.28716 7.91082 5.09589 5.87869 1.44453 1.87352 3.91305 1.99525 5.00504 5.01116 2.49595 6.10509 5.01395
6.36876 4.65837 3.09940 7.57913 4.70719 0.38922 3.60287 0.35570 3.31262 7.26607 0.76287 5.09397 4.80901 4.51173 4.77302 7.99638 4.07614 3.16380 1.41706 4.34235 6.35326 4.01016 7.47798 8.44380 5.62310 0.15072 5.02665 0.66613 3.58440 8.42601 1.94402 2.18128 3.21514 6.95892 3.94883 4.71622 1.01734 2.72090 8.54844 4.10051 3.24835 3.49278 7.76286 6.19399 8.64356 6.67991 5.55126 2.81378 0.00465 3.98672 4.31893 3.98733 3.96916 8.85257 1.67595 8.68792 2.82844 2.75657 3.49874 1.53849 3.65901 8.34841 1.16339 4.77306 2.44499 1.88668 7.96111 4.80479 5.48131 0.28452 1.81318 7.24087 7.42893 0.69191 7.28393 5.71393 6.70118 8.07681 6.43845 0.11356 2.69299 0.73555 5.09037 7.87872 2.11939 4.24438 1.24623 0.15039 1.77300 6.91767 3.42810 1.30552 3.90787 7.28351 1.50759 0.06426 3.52238 8.23595 3.72771 3.36298
4.14800 7.64333 1.10957 8.78186 7.69841 2.19362 6.76188 3.61839 8.97345 6.44883 2.00247 1.50741 4.89794 4.69428 4.29533 3.28631 3.16380 6.77417 3.71664 8.32435 7.41283 8.46601 2.97611 2.25450 8.21787 3.66203 0.14377 8.04384 7.93476 6.93971 6.13267 5.02360 7.79381 8.99233 8.06039 2.43326 1.67383 6.96266 4.25620 8.55296 2.27355 1.70356 6.26761 7.51312 7.82487 4.83506 2.83969 1.63197 6.42578 5.20954 8.57982 6.41577 0.36787 0.91070 7.38053 5.49190 8.93009 0.12529 1.04980 4.74453 7.48809 8.34966 5.23689 6.81329 5.91507 6.79686 5.65616 7.16508 8.13618 2.29540 4.23596 6.78359 0.70343 4.89027 8.15897 5.89895 7.63109 3.29225 5.79602 7.73499 2.23045 4.66477 5.44715 4.21950 7.68523 0.22941 7.41441 6.78901 4.96837 6.61037 8.84583 2.05523 2.75157 1.90353 4.31439 7.40062 7.04073 1.62341 1.93833 8.70032
7.44834 2.39354 0.72902 7.01686 3.38035 2.88902 5.63863 7.67064 1.76863 0.52441 2.54665 5.35813 5.63385 8.97357 6.96835 5.65445 1.41706 3.71664 8.72722 4.07659 6.14865 7.54663 3.91035 3.08609 8.32934 1.22710 7.33947 0.75215 8.58072 6.98446 4.05361 0.34766 3.67173 8.17320 0.30682 3.45080 1.10151 5.59433 6.89640 4.07530 8.24550 8.27638 3.98729 8.29241 1.77241 1.03680 0.16689 5.68209 6.79938 1.89879 8.97332 3.78997 0.09717 3.76078 1.47316 2.56995 0.76873 6.72300 7.18297 4.59063 1.97408 1.06216 6.10377 0.45015 3.52219 1.76205 5.40920 3.45028 1.54821 1.33610 8.23914 2.90559 6.51010 6.63626 3.90995 8.30480 4.63745 6.08740 1.71850 8.21210 2.12535 1.44155 5.17163 1.89730 8.94704 5.53511 7.75940 8.40760 5.15033 5.95222 1.86782 7.38203 0.83594 5.18466 7.28577 2.86409 1.28327 3.13599 3.07942 7.33825
7.11232 3.81581 3.92103 6.95972 0.46019 2.71130 0.34424 8.52398 3.38088 7.83129 4.76113 5.27890 8.59452 6.95440 0.29592 4.62912 4.34235 8.32435 4.07659 0.71778 1.14373 0.22598 5.19079 1.91128 7.60095 3.64822 2.91448 3.10912 7.29630 3.02097 4.24976 7.60895 4.21180 8.89219 0.25607 6.95091 8.68720 7.13467 3.40995 5.34031 3.40000 5.60804 8.11982 4.34009 2.23002 4.80419 5.47464 1.17461 3.35352 5.24267 1.51298 3.04484 5.63072 2.95426 8.47658 1.66719 2.82331 8.97403 7.79454 7.06015 0.29591 8.07873 3.95433 2.35014 6.69795 2.31452 8.63109 5.08785 3.87897 6.18717 5.84730 4.70546 4.12980 2.74615 4.03556 6.35272 4.91040 2.34677 2.87943 4.14871 5.95709 4.17099 8.79463 3.36598 2.09304 5.21172 8.18343 2.73593 1.63395 0.71615 2.01766 2.76942 7.17676 1.65409 5.31911 0.40394 0.67051 5.02945 5.95315 6.91854
3.05280 6.68850 3.62499 4.61475 3.01491 6.59864 4.83825 3.64050 5.50012 2.10355 1.31182 2.76738 1.79746 5.89763 4.05196 1.05686 6.35326 7.41283 6.14865 1.14373 4.45048 3.23612 3.09600 4.98951 7.48673 6.73860 1.47947 8.56046 1.23955 4.24401 7.61802 6.57815 4.52702 1.44301 8.52020 8.98728 8.92940 4.07747 8.55598 8.57158 2.16085 5.92457 6.15841 4.47068 1.19623 5.13870 2.61359 0.49592 2.97088 3.47031 6.66690 3.07615 5.59613 6.56997 6.34071 7.71235 3.70620 4.83272 1.56154 3.85175 7.32675 5.99254 4.83971 1.62097 4.06941 4.90358 6.76754 7.91248 5.12423 6.44688 3.64560 1.49532 5.82997 6.48523 2.21567 7.52689 6.99308 6.29423 7.33112 6.62652 8.54020 6.45437 1.47214 5.43042 3.14731 8.10868 8.46254 8.39668 1.23205 8.92085 5.83099 4.28905 7.39816 3.89689 6.85480 1.54815 7.85884 2.12321 6.98780 4.15752
7.36794 8.36005 0.19389 8.63038 8.88516 5.96304 6.86249 0.30079 1.59387 3.74150 3.24965 5.76633 7.85865 4.74458 0.29315 5.80295 4.01016 8.46601 7.54663 0.22598 3.23612 7.13708 1.54562 3.46866 8.21769 6.11240 7.65621 7.93227 6.34325 0.77455 2.42864 0.03517 3.66306 7.97777 4.97372 5.65497 5.41408 7.62296 7.29095 4.60245 4.46351 4.22560 2.10459 4.59520 5.84111 6.48862 8.19622 8.88510 7.80468 6.36139 5.00998 0.49134 8.00418 0.02780 1.45394 7.04274 4.53714 2.87878 8.97609 8.87760 4.42003 4.05687 0.37796 4.34946 0.35994 3.34494 8.44842 3.46957 3.51342 2.66656 0.34852 4.62191 4.52077 0.14893 4.44432 0.11352 1.90627 7.95674 0.67050 6.35787 0.26024 5.86147 5.34522 4.35665 7.13944 1.25782 6.14799 2.22396 2.38869 7.63855 2.14597 7.60049 2.27978 6.74586 5.29939 4.20715 4.51743 5.53186 1.54860 5.25101
0.70570 4.03152 6.55346 7.04610 4.93552 3.14525 1.83233 1.90342 7.13096 0.29484 2.36320 8.27984 6.40163 3.80790 5.68858 5.25935 7.47798 2.97611 3.91035 5.19079 3.09600 1.54562 1.28030 1.32438 7.29019 7.67155 6.83956 2.66581 6.69022 5.20524 3.04365 7.02066 1.02883 1.26777 2.61061 4.50879 1.72119 7.06165 1.69758 3.66344 3.18490 5.10341 1.53923 4.82546 1.85917 0.61403 0.36012 7.95066 8.30282 6.76781 2.72543 7.55932 1.41793 0.41489 0.42568 5.64511 1.60606 2.18610 2.55018 2.81596 0.56235 4.86229 7.43575 1.18286 3.18548 5.97865 1.88367 3.75929 5.77893 1.32769 4.66169 8.58822 8.34003 5.53898 0.89654 2.27391 0.42487 5.14025 8.29010 0.74565 1.13102 1.12839 2.11651 7.34230 7.82600 3.36188 5.71244 1.57440 3.11578 7.24900 4.97348 8.21656 0.32219 0.46653 0.42094 6.74862 2.27600 3.48910 7.59898 1.93676
7.41742 2.62334 5.18796 6.29294 7.13209 2.60326 1.19104 3.06205 0.33649 4.83428 0.84583 8.06755 4.75806 4.47672 7.90330 3.99292 8.44380 2.25450 3.08609 1.91128 4.98951 3.46866 1.32438 1.66874 5.30560 8.09025 7.48331 7.88199 3.90999 0.33260 7.46082 1.69181 4.46698 8.52761 0.55675 7.46948 8.58811 0.44572 8.14092 0.34670 0.84441 7.69975 2.41265 4.97848 3.06115 6.41625 5.34755 1.71922 4.26519 4.45313 0.65591 8.80775 2.14681 2.25495 7.59279 6.07899 8.35455 3.91359 3.33804 6.83468 8.09430 2.74441 4.19610 0.33930 8.40192 4.79515 0.76954 5.72894 2.90695 8.01323 7.10028 3.74212 1.91769 2.76723 4.35301 3.32789 2.38295 2.60095 0.49491 7.85240 5.76602 3.85569 2.02575 0.03874 8.04555 7.61354 8.24836 6.94461 2.90682 1.70929 3.65813 8.81485 4.07339 4.02215 4.74826 5.95561 7.06392 8.27918 7.53713 8.56384
1.15585 5.37943 3.52829 1.67032 6.70305 2.06631 0.13700 7.72651 3.12046 3.03656 4.49796 3.23003 8.52223 4.13869 8.34610 4.01366 5.62310 8.21787 8.32934 7.60095 7.48673 8.21769 7.29019 5.30560 7.28838 2.02999 7.64697 1.39869 0.76335 5.46111 8.64566 0.89165 0.05257 2.73069 8.92249 5.76988 7.35229 5.98345 1.45250 5.90772 4.28680 5.57481 0.50705 5.92849 0.41265 4.45785 0.88597 7.25749 3.48260 1.30166 3.57551 0.34670 5.58132 0.64674 1.23512 1.65085 3.67935 3.75314 0.19883 0.80948 6.28754 0.07506 7.54676 0.15424 4.38281 0.48336 7.76756 7.73321 0.88132 6.28100 3.25787 1.50955 8.77224 7.55197 4.62178 4.30099 1.61537 8.62379 0.02206 0.81092 8.10839 2.10692 2.09272 7.82597 6.94380 5.59982 5.53516 8.07051 4.16730 5.05334 6.03885 0.48633 4.42854 5.86576 5.98318 6.32568 0.48346 6.46906 3.09058 4.65292
3.47125 2.38871 7.08567 8.17592 5.44163 6.77506 8.90112 4.38165 8.11114 5.25018 5.70129 3.05590 0.48982 8.38827 2.07035 4.32016 0.15072 3.66203 1.22710 3.64822 6.73860 6.11240 7.67155 8.09025 2.02999 8.71838 1.63159 5.16986 8.13981 8.91548 8.88561 5.57636 0.15363 6.62415 3.85493 8.70591 3.21765 1.73082 1.12998 7.60664 1.57362 2.91984 0.54918 3.57925 2.50353 1.76101 3.86470 4.00157 3.97333 1.82724 8.98937 3.86745 4.76305 6.66635 0.12891 8.66944 5.37805 2.39011 8.20588 2.91994 6.02251 2.14680 2.00025 7.90896 3.53483 0.46269 6.72571 3.38878 4.75462 6.98404 5.54645 1.15380 5.67169 6.13806 0.95430 2.89257 7.28386 4.99248 7.55971 7.48088 5.25650 7.64687 0.16601 1.49755 4.68418 2.93600 0.31682 2.23780 5.51423 7.80928 5.87839 2.24386 0.40166 0.46038 0.64029 6.25380 3.52301 5.26172 8.96179 4.76827
6.91978 2.24061 1.90590 5.33746 0.01070 7.72028 6.66425 2.60355 8.96034 6.30303 3.32836 1.59855 1.58904 0.31412 8.28614 2.55239 5.02665 0.14377 7.33947 2.91448 1.47947 7.65621 6.83956 7.48331 7.64697 1.63159 8.02215 5.70202 6.27887 3.98970 2.93783 6.33887 5.92370 1.00277 5.82187 0.04743 5.46003 5.66050 8.94317 8.12731 0.47901 3.91311 3.68019 8.80462 1.70673 3.00916 1.98543 8.74135 0.09712 5.47452 7.30036 0.23168 2.39421 7.99094 7.92469 6.91436 3.17054 8.55661 8.19552 2.92874 1.19945 7.88579 5.31093 2.93462 2.79417 8.37946 6.36929 5.93211 3.12445 6.07344 7.12495 3.82395 8.20822 3.72522 3.33074 7.79075 5.96712 8.12842 8.14313 7.52609 6.20014 4.20719 1.42337 3.88407 4.36259 3.76804 1.58665 2.22755 2.06238 4.69535 6.22798 5.66541 0.81578 4.44964 1.36701 4.52919 0.06437 6.72219 2.87817 0.74620
0.30126 2.14103 7.68684 8.40271 3.17483 4.38431 5.66993 8.85060 6.64363 6.29111 8.54235 0.63587 0.10710 2.07115 6.36150 0.81643 0.66613 8.04384 0.75215 3.10912 8.56046 7.93227 2.66581 7.88199 1.39869 5.16986 5.70202 3.32145 6.89869 6.78182 1.38712 6.03421 7.15537 6.46037 4.63463 2.41635 2.86919 2.98655 7.38828 7.16808 4.40857 1.75588 6.16619 3.11487 5.69990 3.64181 2.88774 3.88508 6.32395 6.67077 3.95482 4.61206 4.59423 0.26080 6.97668 2.52518 5.55734 2.47386 6.93239 1.84185 4.90467 0.97405 1.40907 0.16759 1.29905 2.49161 1.38534 4.57250 3.32099 1.97885 0.38566 2.24435 5.32659 2.48213 3.13713 3.92063 4.99069 8.71096 4.00477 1.18873 2.82016 1.00258 0.72123 7.40093 0.52222 2.75327 3.41949 4.24228 4.48270 2.65743 7.97218 7.58067 2.77780 6.15739 1.56492 1.94635 6.03381 8.87493 3.37379 3.43747
2.82350 5.54083 8.56306 6.16899 7.27491 5.64486 7.07908 3.21680 6.53561 7.88731 0.31547 2.04842 4.84059 7.82290 5.90408 3.28318 3.58440 7.93476 8.58072 7.29630 1.23955 6.34325 6.69022 3.90999 0.76335 8.13981 6.27887 6.89869 1.90558 4.77736 3.98697 3.97521 8.26157 7.62250 2.42577 5.12845 6.62547 5.11200 3.82566 6.21981 0.98433 7.30734 8.71268 4.11429 4.59116 8.06502 8.25873 7.62171 4.68833 2.23073 8.56190 6.95778 6.03119 0.83782 6.85037 8.61036 7.51305 4.33704 5.51301 2.80455 2.13726 2.99756 4.11904 7.92800 3.89199 4.99580 7.77911 3.56873 8.15023 3.63125 4.54068 8.14133 7.35173 7.45876 1.97961 6.02250 5.12953 3.06981 5.58653 1.89935 8.46455 2.90416 6.01639 4.64491 2.91533 3.96460 8.18713 7.60421 3.69818 4.87531 3.55004 3.33824 5.73363 3.43765 5.89960 3.71003 4.26475 7.86448 3.02341 0.40609
6.66023 1.64839 1.87918 4.65361 7.16253 2.03731 8.16459 8.06431 6.82891 2.27513 5.22401 3.26262 3.62250 7.84368 8.35448 7.62546 8.42601 6.93971 6.98446 3.02097 4.24401 0.77455 5.20524 0.33260 5.46111 8.91548 3.98970 6.78182 4.77736 5.92934 2.14003 0.21659 4.05470 0.44562 8.67725 0.68282 3.58742 6.51613 5.45814 7.73758 8.75588 1.58160 1.33106 3.19022 8.14406 7.14090 2.55310 5.10851 1.42197 4.95340 7.17915 0.44058 8.18772 7.17913 5.48175 3.85325 0.42559 2.58317 5.35606 8.95960 8.46362 1.80850 0.22672 5.99990 4.44914 3.42861 3.21305 0.17590 8.08777 6.93244 6.92879 4.89756 4.34085 6.71051 1.74597 5.59929 2.51009 8.20250 1.64239 3.41328 3.11308 3.56796 0.40254 6.88629 0.38271 2.15429 6.31679 5.91948 3.81849 2.41438 0.18759 2.21912 4.09464 0.08452 4.15460 4.89321 2.98205 6.35478 3.40199 8.21331
1.09705 8.78068 5.31621 4.13438 0.69776 8.39077 8.96731 2.82619 0.78044 7.74098 4.81020 8.94031 5.84786 2.92133 1.89278 6.72973 1.94402 6.13267 4.05361 4.24976 7.61802 2.42864 3.04365 7.46082 8.64566 8.88561 2.93783 1.38712 3.98697 2.14003 1.97939 2.38587 2.04542 0.72261 1.13626 4.83159 2.20384 8.01105 2.61665 5.64933 7.02730 4.75154 3.78129 7.28324 6.52447 2.76780 1.14296 1.91288 2.87760 0.84871 2.08785 0.45370 6.06514 6.94559 1.26358 8.05317 7.77113 7.70405 4.72225 7.64730 6.26207 0.60011 3.89530 7.94989 7.02940 5.68695 8.70825 7.72020 1.07941 6.31306 1.80614 2.20377 3.27062 4.78213 2.43837 5.63504 5.10866 5.47192 0.04509 8.73723 1.60581 6.07554 7.95544 6.37567 6.41915 2.08699 0.46895 1.23681 7.64499 7.10010 0.43615 6.05449 6.99545 3.58649 0.95528 3.40862 7.17226 4.24299 0.98461 6.63144
8.68524 2.74207 7.18633 3.24566 6.16182 0.52628 6.61613 0.23624 8.78616 3.80032 4.20872 2.50181 7.48957 3.93150 7.33154 4.63417 2.18128 5.02360 0.34766 7.60895 6.57815 0.03517 7.02066 1.69181 0.89165 5.57636 6.33887 6.03421 3.97521 0.21659 2.38587 7.30157 4.96689 4.18423 7.50878 4.80253 6.43253 8.87567 3.47614 2.66552 3.72535 2.89308 3.32645 6.41724 5.33720 4.46028 4.87097 5.44400 8.39809 7.93246 0.34509 2.88854 3.57538 1.02541 2.96178 1.34129 0.47749 2.37031 5.99612 4.32385 8.20308 1.00946 7.28191 0.34901 5.95259 3.22009 8.59528 3.13055 5.35454 8.98935 2.15614 6.82398 3.01012 7.85899 4.99512 6.46766 7.77985 7.77740 2.69661 3.05865 0.54403 7.24663 6.31292 2.36260 3.46442 1.71488 6.27523 0.01038 2.93907 5.59573 2.44801 3.81140 6.83642 8.23553 0.89257 3.89562 5.61094 8.76975 4.24826 7.21201
3.41127 6.46718 1.93665 4.34965 6.68968 4.25131 7.02485 6.63166 7.17358 7.71516 3.02846 7.47347 8.32936 1.09390 3.62625 1.75929 3.21514 7.79381 3.67173 4.21180 4.52702 3.66306 1.02883 4.46698 0.05257 0.15363 5.92370 7.15537 8.26157 4.05470 2.04542 4.96689 6.85258 8.46480 7.84805 5.20999 3.98417 0.48338 0.19988 2.81451 0.23906 5.21116 8.77059 1.67768 8.22781 0.19822 4.14089 3.15266 5.41297 3.90391 4.07328 2.07129 0.45772 6.09311 6.35063 6.35694 4.08020 4.37254 1.34009 2.26261 2.41066 5.81378 6.35010 1.32297 1.93366 2.26487 6.83457 2.39366 2.85225 1.37159 4.65883 6.62666 0.34268 5.45958 0.43659 8.06284 0.19575 6.65694 6.41806 1.99930 4.67348 1.29385 1.58026 3.86095 4.05270 6.64650 6.42807 5.72052 6.16078 3.96284 7.94494 5.15922 5.17353 1.49114 3.22482 5.76516 7.24091 2.01543 0.95004 8.97546
6.32894 3.86085 3.42377 3.49688 7.56083 7.84384 3.72306 7.20679 8.58368 3.23256 7.39178 7.64972 1.98183 0.52577 3.92972 3.99236 6.95892 8.99233 8.17320 8.89219 1.44301 7.97777 1.26777 8.52761 2.73069 6.62415 1.00277 6.46037 7.62250 0.44562 0.72261 4.18423 8.46480 8.16630 8.76883 6.81007 8.82482 4.92429 2.42893 4.16170 7.53676 5.89563 4.61591 1.54985 7.02419 3.86846 8.85962 5.22597 4.83039 1.67433 3.07114 7.94490 5.95897 2.42238 7.24935 2.08533 4.23440 6.15228 3.88198 8.23580 8.16094 4.00802 4.51770 6.15842 1.49905 4.74994 1.16917 0.85711 2.71279 8.16285 6.99288 1.80445 0.52789 6.87823 8.23937 4.20536 2.61475 3.70315 1.63182 0.13138 5.91684 5.81848 6.43191 7.85124 5.55441 4.57312 7.02479 6.65726 7.69722 0.80407 0.11692 6.75508 2.89433 7.35562 7.27555 8.46456 0.94069 8.72746 3.56925 6.53707
0.83581 6.13494 2.93839 1.54676 8.39340 6.37232 3.91378 6.44816 7.55430 3.43972 7.41460 6.14873 3.26427 0.27646 1.33717 6.08793 3.94883 8.06039 0.30682 0.25607 8.52020 4.97372 2.61061 0.55675 8.92249 3.85493 5.82187 4.63463 2.42577 8.67725 1.13626 7.50878 7.84805 8.76883 8.22157 4.78768 6.97130 4.24134 7.74506 7.53559 3.69984 2.59954 2.62338 7.23193 7.82738 5.38725 7.00214 2.63671 6.49013 7.14794 3.35422 6.40154 0.20077 5.27404 5.56121 1.67420 7.27783 4.12260 1.22310 3.70125 0.98132 1.11130 4.00200 6.87127 3.94528 3.85875 4.53292 2.70670 1.71976 1.71796 7.47563 3.66342 8.35893 5.12604 0.11393 0.26006 7.32321 2.57478 1.69232 2.75637 1.91917 3.29785 6.03164 6.06474 5.43402 7.06527 1.24436 4.42347 1.13427 7.24935 0.04616 3.60080 0.15192 8.94361 8.46936 2.99857 6.31804 2.17029 7.14583 1.94204
0.63939 1.88996 7.98928 0.90025 4.12676 6.65997 5.29921 6.88157 6.36111 8.49157 3.81449 8.39225 2.17917 5.17880 6.18241 1.19150 4.71622 2.43326 3.45080 6.95091 8.98728 5.65497 4.50879 7.46948 5.76988 8.70591 0.04743 2.41635 5.12845 0.68282 4.83159 4.80253 5.20999 6.81007 4.78768 0.11597 6.89776 0.10511 5.01576 6.02417 7.56401 4.27996 0.61004 0.92829 6.12032 6.84376 6.97676 6.02124 7.77374 8.85350 5.42987 8.53974 4.70312 5.15218 5.19399 7.24002 6.13757 3.11889 0.81769 4.03787 0.44004 3.54775 8.55559 1.11392 8.41181 8.88123 2.94792 2.38119 3.17280 4.66816 3.73094 4.03697 2.57943 5.35042 5.33863 7.19030 6.83113 2.93876 1.56461 4.59765 8.79697 0.12333 7.41294 5.17120 7.06734 0.99595 2.08571 2.49501 7.48201 4.01164 1.59161 0.83535 3.03872 5.69011 4.93313 7.62338 6.89620 2.17033 1.57364 8.46403
6.83943 5.11612 6.12018 8.79427 8.95769 2.91895 6.75771 5.86882 4.58151 5.55162 8.57444 8.28807 2.36464 6.88253 2.17315 2.62405 1.01734 1.67383 1.10151 8.68720 8.92940 5.41408 1.72119 8.58811 7.35229 3.21765 5.46003 2.86919 6.62547 3.58742 2.20384 6.43253 3.98417 8.82482 6.97130 6.89776 8.05234 7.68500 7.50799 5.18546 6.80461 0.02978 6.59541 6.89397 4.57955 5.95814 6.15756 2.90183 1.70230 4.68949 7.49555 6.54743 2.81938 6.10849 5.74539 7.62802 6.07280 6.46312 2.77983 5.51416 1.16358 0.90071 0.98706 1.72014 8.87181 8.80886 3.80832 8.03114 3.92563 5.68176 3.52867 2.36488 8.64937 5.90662 4.53614 7.98214 4.75171 2.45227 6.31831 5.72006 6.54161 0.83963 0.94878 1.77737 1.53030 2.50202 7.00227 2.35061 3.19309 0.47208 6.96532 0.45774 5.87480 4.27800 2.87287 2.17271 8.27229 1.70454 5.36276 8.86071
8.92601 7.07367 2.61586 8.19351 2.80555 6.60779 8.42470 5.91686 7.04072 0.21681 4.98207 5.57506 7.31645 4.10637 4.80392 7.61128 2.72090 6.96266 5.59433 7.13467 4.07747 7.62296 7.06165 0.44572 5.98345 1.73082 5.66050 2.98655 5.11200 6.51613 8.01105 8.87567 0.48338 4.92429 4.24134 0.10511 7.68500 1.09141 3.51043 1.59161 3.83004 6.95341 6.90554 4.97394 6.43948 6.39798 3.21243 5.41354 7.18033 3.00267 7.51434 5.01181 8.96326 3.38607 5.59400 1.83848 5.53787 6.36932 5.09276 0.52846 2.62472 5.04045 3.39607 3.63395 8.08246 1.15627 5.75417 4.59566 5.13189 5.70529 4.80889 0.16765 5.44883 4.93444 5.19100 6.67667 2.55292 3.22141 0.33869 7.14971 3.69068 3.00430 0.25742 2.54367 2.23094 7.59164 5.63379 2.45645 0.04880 0.98887 1.60862 2.48654 6.41297 2.82427 1.41534 6.41078 0.20992 8.00413 3.51994 8.41519
6.37820 3.56258 6.41610 4.85161 0.01648 4.97667 3.55775 3.18832 2.92874 7.47757 7.79440 8.52101 7.79361 4.44371 0.36970 7.75782 8.54844 4.25620 6.89640 3.40995 8.55598 7.29095 1.69758 8.14092 1.45250 1.12998 8.94317 7.38828 3.82566 5.45814 2.61665 3.47614 0.19988 2.42893 7.74506 5.01576 7.50799 3.51043 0.08620 5.74699 2.65291 1.45718 2.02681 0.61039 7.48523 0.72604 5.15320 1.55916 3.59263 7.84886 4.40948 2.40036 2.46857 2.96844 2.65219 0.27526 2.09049 0.33563 8.19606 5.71738 6.94102 0.99573 2.72333 7.41976 4.69130 6.26394 5.83832 4.77909 2.51043 2.55833 2.64566 0.11332 0.61389 0.05346 1.91045 0.73837 0.30853 5.98193 5.62917 2.55727 4.04179 8.77523 5.37442 4.66122 8.85928 1.67099 1.82987 8.95546 0.55866 2.49430 1.91283 3.99279 0.80789 4.58887 6.37180 4.87570 6.78154 4.17684 3.79965 4.11355
0.26310 1.41743 1.77419 7.71396 6.16436 8.44898 7.25368 2.53849 1.28577 4.39112 0.72976 2.05764 0.51895 1.00884 1.49252 5.58152 4.10051 8.55296 4.07530 5.34031 8.57158 4.60245 3.66344 0.34670 5.90772 7.60664 8.12731 7.16808 6.21981 7.73758 5.64933 2.66552 2.81451 4.16170 7.53559 6.02417 5.18546 1.59161 5.74699 5.93447 2.57346 3.74697 8.48992 8.97176 2.70255 2.69087 4.67048 7.90835 7.80392 5.03224 3.68796 5.95604 7.06395 7.39088 5.29953 1.20576 8.11097 3.41117 5.75126 1.99524 0.82619 2.29797 2.30373 7.80995 2.48434 6.57975 5.22272 1.48985 3.36416 8.58494 1.10687 4.88727 6.67671 0.12861 1.89980 6.97782 3.02075 8.66746 8.44439 7.67270 4.55161 3.12238 7.72251 5.48032 4.69791 6.22284 1.05945 6.27812 4.74868 3.82483 2.18092 5.15303 3.35324 6.85398 2.32332 8.68641 8.89691 1.44267 4.87237 3.86705
1.87534 7.39541 8.11098 8.19534 2.35959 4.08201 3.14325 5.07145 3.51879 8.80228 3.65871 1.78381 0.71248 2.03853 3.19616 0.02350 3.24835 2.27355 8.24550 3.40000 2.16085 4.46351 3.18490 0.84441 4.28680 1.57362 0.47901 4.40857 0.98433 8.75588 7.02730 3.72535 0.23906 7.53676 3.69984 7.56401 6.80461 3.83004 2.65291 2.57346 3.98965 3.05342 6.79134 5.21929 1.69027 6.24997 5.79968 7.51973 6.26380 0.31879 6.73993 0.99171 1.00640 8.50741 2.58934 3.74068 4.19617 8.50546 8.17195 2.72872 0.47471 3.58576 4.70175 5.67947 6.43944 1.44825 7.62831 8.15895 1.30175 2.77115 4.55959 1.40629 3.69989 6.01588 0.39326 1.21965 8.92412 6.58183 2.30134 1.97702 0.71325 0.59384 5.13148 5.19004 3.66183 4.01275 1.14245 4.75755 1.62378 4.81899 3.75383 1.20847 5.93523 5.79459 4.27114 0.31791 6.53677 5.44327 1.96785 7.49399
6.56315 1.58138 7.60631 4.16836 2.77946 3.91742 0.87094 2.99983 7.62794 7.98609 8.21263 6.89870 3.15022 3.19357 6.15610 0.61150 3.49278 1.70356 8.27638 5.60804 5.92457 4.22560 5.10341 7.69975 5.57481 2.91984 3.91311 1.75588 7.30734 1.58160 4.75154 2.89308 5.21116 5.89563 2.59954 4.27996 0.02978 6.95341 1.45718 3.74697 3.05342 5.55944 6.56011 2.42403 6.45910 5.43580 7.85726 8.86348 2.61299 1.00213 2.69235 6.78344 5.24890 2.60710 7.72698 0.13172 7.25576 7.10216 6.13452 2.52569 0.87420 6.30099 0.58711 1.99726 8.42465 0.18038 6.99804 0.53635 5.80400 0.82603 3.01305 6.44163 7.47731 0.28468 1.36147 8.43243 3.94320 8.96911 8.76107 8.15441 8.76557 6.28865 1.43690 7.24248 2.43386 7.35676 4.05769 5.80144 5.76271 2.38510 4.36589 3.05716 5.47303 7.49887 6.06523 8.02462 2.03372 0.92825 8.03590 1.49265
2.06725 8.57401 7.85142 5.24404 8.98419 8.53060 5.43020 8.41815 8.28289 8.68019 2.14527 0.57439 2.08420 7.16912 1.16999 1.46461 7.76286 6.26761 3.98729 8.11982 6.15841 2.10459 1.53923 2.41265 0.50705 0.54918 3.68019 6.16619 8.71268 1.33106 3.78129 3.32645 8.77059 4.61591 2.62338 0.61004 6.59541 6.90554 2.02681 8.48992 6.79134 6.56011 2.49431 3.70062 0.37254 7.62665 7.14331 1.75861 4.00420 8.51212 2.57908 5.27244 7.61245 7.78506 0.65557 4.84126 0.76975 3.25430 8.62184 4.18924 2.02761 0.25795 3.91431 1.81988 5.76836 1.14766 5.54675 0.78420 4.28775 8.99257 2.80170 4.32657 6.26162 0.46872 8.61638 3.39456 4.15034 7.91992 4.38887 3.84355 5.71263 4.64965 1.86806 3.61719 1.27688 6.30558 0.35087 5.81621 0.05869 5.14124 3.03493 7.47081 3.28470 2.60418 8.24947 4.49634 0.73206 0.44171 1.58072 3.37279
1.82996 5.86501 8.31210 8.96475 2.86375 8.07535 5.85084 2.25965 6.89305 1.87537 5.28316 6.64130 2.34322 1.77121 1.98863 6.86948 6.19399 7.51312 8.29241 4.34009 4.47068 4.59520 4.82546 4.97848 5.92849 3.57925 8.80462 3.11487 4.11429 3.19022 7.28324 6.41724 1.67768 1.54985 7.23193 0.92829 6.89397 4.97394 0.61039 8.97176 5.21929 2.42403 3.70062 7.95819 2.81553 3.90251 2.51081 8.98442 2.78832 6.29805 3.48764 0.28466 2.79532 7.88082 7.61355 8.11580 6.16432 2.71284 4.36676 8.54886 5.03169 4.15456 4.54531 5.80290 5.52487 7.45171 5.81212 6.38478 7.30046 5.63590 2.55477 6.24392 1.82685 6.62879 4.47555 3.98350 3.87564 5.22771 1.17912 8.59379 7.15749 4.29453 2.78015 5.15482 3.79264 6.28198 1.65847 8.80477 0.98215 0.33268 0.46251 0.26689 5.14877 4.05792 3.07611 2.69519 7.38713 1.46474 0.24533 6.73952
5.56038 3.71757 1.97866 5.89054 5.71913 6.02914 8.68657 7.50848 8.52407 7.93118 4.25563 8.36132 2.01011 3.11536 2.44294 6.88338 8.64356 7.82487 1.77241 2.23002 1.19623 5.84111 1.85917 3.06115 0.41265 2.50353 1.70673 5.69990 4.59116 8.14406 6.52447 5.33720 8.22781 7.02419 7.82738 6.12032 4.57955 6.43948 7.48523 2.70255 1.69027 6.45910 0.37254 2.81553 8.21830 8.82252 2.77901 2.68004 7.69351 5.66398 0.50098 0.40630 3.23469 4.89403 4.06690 8.35633 6.79756 2.42174 8.48741 5.34972 4.51794 3.53027 4.41274 2.52606 6.74302 4.05392 0.14907 4.60765 2.94611 2.42471 5.64344 3.44356 3.23725 0.56637 2.59355 8.03811 2.93096 6.10954 4.52045 3.53175 0.84990 8.68702 3.94480 8.99218 5.31615 2.29931 4.40383 4.95094 7.97284 5.60124 2.97893 4.24791 3.73536 2.46660 0.05872 5.82353 7.49581 5.39325 2.53608 1.33774
2.37759 4.24646 4.67984 7.42773 7.44555 1.38535 2.90607 3.35337 1.96571 3.78566 8.51357 0.06509 8.36142 5.58219 5.61150 6.71233 6.67991 4.83506 1.03680 4.80419 5.13870 6.48862 0.61403 6.41625 4.45785 1.76101 3.00916 3.64181 8.06502 7.14090 2.76780 4.46028 0.19822 3.86846 5.38725 6.84376 5.95814 6.39798 0.72604 2.69087 6.24997 5.43580 7.62665 3.90251 8.82252 8.07871 7.54238 6.83706 8.03058 8.30927 0.04621 6.73903 6.56353 2.58044 7.39513 4.90980 7.60016 4.75596 1.74863 8.65536 0.31501 8.48482 1.17975 4.17734 6.50944 0.41505 8.96593 0.66090 0.34673 0.63668 4.98659 8.31067 0.01955 4.08730 0.31286 8.92587 4.51293 2.44307 2.21080 4.58457 0.59644 2.11311 7.61197 5.91849 7.34152 1.98309 2.66672 1.24529 2.66631 7.95798 0.19814 3.12323 5.06431 4.59364 1.52904 5.54703 6.02778 8.94759 6.08644 4.50661
5.80159 4.11524 1.67847 2.34428 0.53591 0.80658 6.00299 8.57636 4.97328 6.00272 6.98635 2.59805 5.88973 1.60011 7.76238 0.78222 5.55126 2.83969 0.16689 5.47464 2.61359 8.19622 0.36012 5.34755 0.88597 3.86470 1.98543 2.88774 8.25873 2.55310 1.14296 4.87097 4.14089 8.85962 7.00214 6.97676 6.15756 3.21243 5.15320 4.67048 5.79968 7.85726 7.14331 2.51081 2.77901 7.54238 1.42143 7.76676 5.48939 2.18471 0.74235 1.16564 1.02549 4.20389 2.20377 5.02696 1.72010 6.34276 7.03517 2.92877 1.53913 8.56269 6.68074 4.23880 0.83113 0.62877 1.94350 2.11785 6.27033 8.59729 6.84794 4.90780 3.38558 2.27566 8.61654 0.87260 0.37190 3.39897 7.58726 6.20448 8.31578 0.53343 4.14695 1.85602 8.85261 4.18402 6.82506 8.30175 8.28237 4.64273 2.97073 5.60722 3.45615 7.95948 0.91378 1.66558 4.65846 6.56629 8.85924 4.04002
3.20263 2.95531 1.12553 7.30868 6.56848 4.45522 1.30113 7.33819 3.20257 7.24585 0.62969 3.52813 0.25511 8.44413 7.57963 6.66853 2.81378 1.63197 5.68209 1.17461 0.49592 8.88510 7.95066 1.71922 7.25749 4.00157 8.74135 3.88508 7.62171 5.10851 1.91288 5.44400 3.15266 5.22597 2.63671 6.02124 2.90183 5.41354 1.55916 7.90835 7.51973 8.86348 1.75861 8.98442 2.68004 6.83706 7.76676 1.51214 5.41218 4.88273 7.75761 3.02389 7.58700 0.93039 7.12781 2.40136 0.06024 1.62884 0.57608 2.26626 0.32124 3.45956 4.11012 2.01109 6.66532 1.86170 0.03681 6.91168 1.54300 1.07552 1.15990 0.12712 1.06018 0.93201 0.68501 5.70217 1.69942 6.00043 6.10534 8.94613 0.70380 6.48038 6.70304 6.30718 2.05783 3.80924 0.88250 0.44998 5.75528 4.90236 2.12509 3.06709 2.55275 6.02791 1.09225 6.34040 6.25721 2.85136 7.74957 6.48428
8.79480 6.88219 5.16169 0.23751 8.60677 7.42487 2.88175 4.68588 7.84488 1.97998 4.68956 3.24714 1.66596 4.97249 3.39917 1.80606 0.00465 6.42578 6.79938 3.35352 2.97088 7.80468 8.30282 4.26519 3.48260 3.97333 0.09712 6.32395 4.68833 1.42197 2.87760 8.39809 5.41297 4.83039 6.49013 7.77374 1.70230 7.18033 3.59263 7.80392 6.26380 2.61299 4.00420 2.78832 7.69351 8.03058 5.48939 5.41218 7.69545 6.17087 5.04612 0.00840 8.68719 5.21547 8.89877 4.03960 2.27417 1.35876 1.00043 6.57962 1.89649 7.62542 7.38093 5.51581 6.05579 1.71555 5.02150 8.31197 4.28614 7.62347 6.98925 6.32285 7.27845 1.06041 3.25353 0.80178 7.95902 0.73653 8.65246 4.44372 6.75025 3.12924 4.76041 3.30301 8.80799 7.44220 1.74992 6.30889 6.30302 1.76924 7.83884 7.00335 8.18549 6.27368 7.42023 2.91937 4.51797 0.57216 4.18661 8.68915
